4.695248e-01 2.129593e-02
5.420396e-01 5.972924e-02
5.785149e-01 2.092212e-02
4.783564e-01 9.322161e-03
4.342673e-01 1.101924e-02
4.689802e-01 1.225794e-02
5.696832e-01 1.743839e-02
6.901584e-01 5.527944e-02
5.060792e-01 6.846155e-02
4.311782e-01 9.961704e-03
3.951485e-01 2.207475e-02
4.020396e-01 6.133693e-03
5.372277e-01 1.606230e-02
5.398614e-01 2.781268e-02
4.684059e-01 2.105682e-02
4.490792e-01 1.244129e-02
5.901188e-01 1.000028e-02
5.235347e-01 2.039490e-02
5.363663e-01 2.524993e-02
7.041485e-01 1.323316e-02
5.884653e-01 1.730768e-02
6.485149e-01 2.828028e-02
6.507624e-01 5.322698e-02
4.421683e-01 1.765291e-02
4.394752e-01 2.015072e-02
4.739604e-01 1.860103e-02
3.929505e-01 5.890715e-03
5.733762e-01 1.178760e-02
6.493267e-01 3.134986e-02
5.883564e-01 6.335592e-02
5.709703e-01 1.751630e-02
5.280099e-01 2.090880e-02
3.932376e-01 9.969407e-03
5.312673e-01 1.222147e-02
6.914752e-01 2.021008e-02
4.989406e-01 3.157039e-02
4.893267e-01 3.800289e-02
5.116139e-01 3.752701e-02
4.959208e-01 2.636555e-02
4.335248e-01 1.919601e-02
4.796337e-01 1.528587e-02
5.758713e-01 1.344344e-02
5.192871e-01 1.115892e-02
5.755247e-01 1.222122e-02
5.581584e-01 1.717340e-02
6.148119e-01 1.180930e-02
5.067822e-01 1.626428e-02
6.212277e-01 2.237789e-02
4.614554e-01 3.493403e-02
5.922673e-01 1.623582e-02
5.075941e-01 1.480178e-02
4.737426e-01 3.333230e-02
5.501188e-01 3.547898e-02
4.238020e-01 2.137039e-02
3.918317e-01 1.620174e-02
4.015149e-01 1.127392e-02
4.745050e-01 1.284764e-02
4.238812e-01 1.478646e-02
4.627624e-01 8.644976e-03
3.913267e-01 8.776782e-03
3.987525e-01 5.657566e-03
6.396436e-01 1.446032e-02
6.573366e-01 3.858109e-02
5.497624e-01 2.983258e-02
4.838812e-01 1.251873e-02
4.686634e-01 2.509044e-02
5.731485e-01 1.072647e-02
6.012574e-01 2.920384e-02
7.941683e-01 4.577411e-02
7.132871e-01 4.913818e-02
4.459604e-01 1.811401e-02
3.281782e-01 6.602425e-03
4.044554e-01 5.132935e-03
5.118713e-01 4.367673e-02
6.663465e-01 2.434180e-02
4.952871e-01 3.328049e-02
5.476733e-01 3.620653e-02
5.906139e-01 2.811467e-02
6.930891e-01 2.148594e-02
4.821089e-01 2.260067e-02
4.200099e-01 1.525006e-02
4.021188e-01 7.710462e-03
5.572475e-01 3.053562e-02
5.165545e-01 2.011722e-02
4.326832e-01 1.350756e-02
4.969109e-01 1.321573e-02
5.250099e-01 2.376265e-02
4.512178e-01 1.718945e-02
4.310396e-01 1.195695e-02
6.235446e-01 5.893821e-02
5.425248e-01 6.333544e-02
4.475644e-01 1.290975e-02
4.120297e-01 1.728758e-02
4.803267e-01 1.067718e-02
4.296535e-01 1.288904e-02
5.027624e-01 1.299821e-02
4.804059e-01 1.407137e-02
5.221089e-01 1.844977e-02
5.441287e-01 2.836455e-02
5.257624e-01 1.583526e-02
4.306733e-01 1.262804e-02
5.182772e-01 1.686881e-02
4.471584e-01 1.677205e-02
5.167228e-01 1.829522e-02
5.774951e-01 1.148449e-02
5.476040e-01 1.991272e-02
3.981287e-01 1.488681e-02
4.348812e-01 8.118293e-03
5.523465e-01 5.412974e-02
5.737129e-01 2.339262e-02
4.977129e-01 1.539213e-02
5.554554e-01 3.248260e-02
4.908515e-01 9.694734e-03
4.854653e-01 4.022894e-02
6.946238e-01 2.466843e-02
5.817921e-01 9.991402e-03
5.362376e-01 1.385580e-02
5.293762e-01 8.632029e-03
5.195347e-01 1.545903e-02
6.154653e-01 1.603558e-02
4.547624e-01 3.736710e-02
5.640297e-01 2.865032e-02
4.723168e-01 8.967412e-03
4.841782e-01 9.940814e-03
5.020594e-01 1.227879e-02
5.500099e-01 6.705241e-03
5.199901e-01 1.622520e-02
4.960198e-01 2.530096e-02
3.631584e-01 6.854547e-03
4.722772e-01 7.765268e-03
5.062871e-01 2.505493e-02
5.276139e-01 4.170167e-02
5.596139e-01 1.473325e-02
4.525446e-01 1.293971e-02
6.516040e-01 3.057504e-02
4.851782e-01 2.872622e-02
4.493564e-01 1.111914e-02
4.577129e-01 1.141766e-02
5.128020e-01 1.183552e-02
3.870198e-01 7.382051e-03
4.171683e-01 6.903965e-03
6.085545e-01 2.231257e-02
7.728911e-01 3.160771e-02
5.160396e-01 2.349844e-02
4.171980e-01 9.169493e-03
3.964653e-01 8.204762e-03
4.695743e-01 8.374107e-03
5.425743e-01 1.330699e-02
4.832574e-01 1.075989e-02
4.901584e-01 1.210820e-02
5.144455e-01 1.167758e-02
5.069901e-01 3.572488e-02
