9.405948e+01 1.658261e+01
1.741058e+02 3.998925e+00
1.653029e+02 6.182328e+00
1.680544e+02 5.254800e+00
1.564167e+02 5.222825e+00
1.615538e+02 6.337252e+00
1.688854e+02 6.941578e+00
1.579439e+02 9.800424e+00
9.065126e+01 1.657603e+01
7.277827e+01 3.485338e+01
8.886409e+01 3.810584e+01
1.239700e+02 1.179571e+01
1.733654e+02 4.793242e+00
1.736528e+02 4.921186e+00
1.731925e+02 4.859057e+00
1.740770e+02 4.824785e+00
1.460604e+02 5.161207e+00
1.552623e+02 5.598136e+00
1.744218e+02 3.926658e+00
1.674062e+02 6.661816e+00
1.623871e+02 1.290445e+01
2.467747e+01 1.220161e+01
1.409372e+02 2.216286e+01
5.943704e+01 1.369307e+01
1.052829e+02 4.763441e+01
1.068566e+02 3.750895e+01
1.392941e+02 1.181515e+01
1.498209e+02 7.667531e+00
1.358144e+02 4.669018e+00
1.400262e+02 5.704644e+00
1.549439e+02 1.244587e+01
1.459693e+02 1.073794e+01
1.735052e+02 3.950416e+00
1.612820e+02 6.325401e+00
1.704826e+01 8.664506e+00
1.451378e+02 1.704366e+01
1.048187e+02 8.081466e+00
5.841816e+01 7.322518e+00
9.280906e+01 3.425365e+01
1.005869e+02 3.282568e+01
1.759625e+02 3.463705e+00
1.029342e+02 5.178778e+00
1.615720e+02 4.463228e+00
1.676726e+02 3.923443e+00
1.207371e+02 5.913980e+00
1.564280e+02 3.871588e+00
7.572420e+01 1.780135e+01
4.188326e+01 2.085211e+01
4.978552e+01 1.284283e+01
1.703926e+02 6.637293e+00
1.658391e+02 7.869962e+00
9.169642e+01 1.654952e+01
2.374127e+01 1.823440e+01
5.382076e+01 3.359661e+01
6.894468e+01 1.535838e+01
1.071937e+02 1.221892e+01
3.972641e+01 1.259442e+01
1.724595e+02 5.571179e+00
1.604207e+02 9.259599e+00
1.070928e+02 1.448122e+01
9.046441e+01 9.500653e+00
1.254214e+02 1.168195e+01
1.598416e+02 1.097652e+01
1.608761e+02 1.268520e+01
3.301350e+01 1.115091e+01
1.275713e+02 2.161880e+01
1.637506e+02 1.375983e+01
8.347849e+01 9.343159e+00
8.771724e+01 8.307214e+00
1.289053e+02 1.169836e+01
1.574637e+02 1.564342e+01
2.521649e+01 1.714102e+01
3.735190e+01 1.060255e+01
9.536077e+01 1.383924e+01
1.311716e+02 1.232156e+01
5.444116e+01 5.945608e+00
1.536105e+02 1.032785e+01
1.545932e+02 7.913840e+00
1.091612e+02 8.522648e+00
4.153468e+01 9.449182e+00
1.131099e+02 1.797747e+01
1.293849e+02 1.120508e+01
1.720086e+02 8.254342e+00
2.023164e+01 1.060934e+01
1.656646e+02 6.721602e+00
1.225628e+02 8.152919e+00
1.459170e+02 9.256075e+00
1.218581e+02 1.405010e+01
1.191719e+02 2.161364e+01
6.799881e+01 2.027508e+01
1.376056e+02 2.488706e+01
1.176480e+02 2.542226e+01
1.617879e+02 8.903764e+00
1.542205e+02 1.046545e+01
1.642358e+02 7.208756e+00
1.567017e+02 7.416393e+00
1.567826e+02 7.206395e+00
1.699389e+02 6.816770e+00
1.622440e+02 1.587459e+01
1.447222e+02 1.529985e+01
1.128363e+02 1.907513e+01
4.701900e+01 1.381065e+01
1.626004e+02 9.901361e+00
1.308019e+02 8.265957e+00
1.177196e+02 1.586855e+01
8.955113e+01 1.625968e+01
1.305465e+01 9.857859e+00
5.200550e+01 1.048422e+01
1.302024e+02 1.151411e+01
1.685202e+02 6.422357e+00
1.098312e+02 1.157150e+01
3.509588e+01 8.775043e+00
1.243318e+02 4.788357e+00
9.576431e+01 5.716353e+00
1.391822e+02 5.209033e+00
1.616391e+02 4.410891e+00
1.408206e+02 4.315778e+00
1.440996e+02 4.738058e+00
1.314758e+02 7.309044e+00
5.341763e+01 1.126150e+01
9.341207e+01 1.275809e+01
8.583825e+01 8.019095e+00
1.505429e+02 5.929804e+00
1.408460e+02 7.143688e+00
5.972553e+01 4.036705e+00
1.651264e+02 7.580362e+00
2.279879e+01 1.170583e+01
1.071191e+02 1.496635e+01
1.705630e+02 7.053646e+00
1.351943e+02 7.817825e+00
3.741699e+01 4.138778e+00
4.310170e+01 6.292334e+00
2.806503e+01 6.304395e+00
3.607932e+01 7.407158e+00
9.484079e+00 6.733316e+00
9.005316e+01 8.863086e+00
9.721093e+01 1.017469e+01
1.467594e+02 8.762329e+00
1.672161e+02 8.830766e+00
7.563960e+01 1.237281e+01
1.164657e+02 5.393777e+00
1.709871e+02 4.795647e+00
7.705277e+00 5.514680e+00
1.538810e+02 5.965705e+00
1.713805e+02 5.810078e+00
1.431878e+02 6.768691e+00
1.328563e+02 4.764674e+00
1.460181e+02 1.441008e+01
1.070392e+02 1.142865e+01
1.261973e+02 1.166233e+01
