8.826577e+01 1.351340e+01
8.660302e+01 7.003156e+00
1.010838e+02 4.669215e+00
1.065276e+02 4.256471e+00
9.327692e+01 6.274630e+00
6.569087e+01 4.683373e+00
6.544180e+01 9.443786e+00
8.217484e+01 5.323308e+00
1.334231e+02 1.187100e+01
6.704980e+01 4.777189e+00
1.662202e+02 7.583634e+00
6.709012e+01 4.126421e+00
8.508654e+01 8.063037e+00
9.462294e+01 5.807416e+00
1.292717e+02 8.043268e+00
8.258793e+01 5.036856e+00
7.383929e+01 3.987458e+00
7.485506e+01 3.639945e+00
7.783252e+01 4.798146e+00
8.528645e+01 3.669164e+00
5.198477e+01 5.680709e+00
5.489298e+01 3.647140e+00
1.226675e+02 7.275663e+00
7.247344e+01 9.801112e+00
8.598519e+01 1.459310e+01
1.664500e+02 8.085504e+00
9.652850e+01 6.019896e+00
8.083392e+01 8.051925e+00
5.708936e+01 4.106700e+00
6.128225e+01 7.291243e+00
8.763584e+01 4.270404e+00
1.523935e+02 6.224216e+00
1.151303e+02 5.833431e+00
8.733031e+01 4.739526e+00
6.441263e+01 3.138486e+00
1.227405e+02 4.372649e+00
9.158449e+01 6.193155e+00
1.101373e+02 6.420012e+00
9.485387e+01 5.660033e+00
1.654437e+02 5.849553e+00
6.230927e+01 3.820506e+00
8.881042e+01 3.204998e+00
1.017477e+02 4.468592e+00
5.555199e+01 3.175326e+00
8.763854e+01 3.528991e+00
7.091813e+01 4.166059e+00
9.497830e+01 5.584407e+00
1.225325e+02 4.853845e+00
1.132782e+02 7.783860e+00
8.790696e+01 5.117410e+00
8.413786e+01 1.212400e+01
6.754393e+01 5.898937e+00
9.358227e+01 5.991676e+00
1.317298e+02 2.055403e+01
1.209264e+02 1.045279e+01
1.183600e+02 8.801233e+00
7.541153e+01 3.522966e+00
1.078099e+02 6.459741e+00
9.078141e+01 6.095326e+00
1.350940e+02 9.036078e+00
1.075518e+02 4.240888e+00
7.369139e+01 8.926258e+00
6.688852e+01 7.399309e+00
6.032830e+01 4.728457e+00
9.101010e+01 8.592621e+00
8.158213e+01 5.432176e+00
4.742862e+01 3.789874e+00
8.120994e+01 5.921238e+00
8.801859e+01 3.493438e+00
6.951479e+01 6.564044e+00
1.195242e+02 6.353167e+00
1.516442e+02 7.673259e+00
9.962901e+01 1.126249e+01
7.025632e+01 3.881144e+00
1.327282e+02 8.044122e+00
7.627284e+01 5.242170e+00
9.537542e+01 6.840800e+00
7.625514e+01 3.360737e+00
8.993430e+01 6.949420e+00
6.663842e+01 4.308065e+00
1.057679e+02 6.097383e+00
6.419907e+01 4.964525e+00
6.742107e+01 4.389038e+00
1.300125e+02 6.473534e+00
1.019513e+02 6.905849e+00
9.113120e+01 5.160234e+00
9.551660e+01 6.028662e+00
1.042687e+02 6.990360e+00
1.205479e+02 1.121395e+01
5.606397e+01 1.026705e+01
1.033409e+02 1.144029e+01
7.622381e+01 5.292720e+00
9.469445e+01 7.579743e+00
1.166620e+02 8.075212e+00
1.070739e+02 7.033483e+00
9.058671e+01 4.401438e+00
8.159156e+01 5.402137e+00
8.985690e+01 6.427180e+00
7.803862e+01 6.021285e+00
1.189679e+02 9.102695e+00
6.639884e+01 8.786980e+00
9.882643e+01 8.258235e+00
1.156787e+02 6.373193e+00
6.938444e+01 9.877226e+00
5.266765e+01 4.761626e+00
1.162529e+02 9.098321e+00
1.225866e+02 9.894374e+00
8.264446e+01 4.933798e+00
6.747463e+01 4.411418e+00
1.082177e+02 8.320313e+00
6.592047e+01 5.021945e+00
8.847457e+01 5.787799e+00
8.988079e+01 5.471884e+00
7.479611e+01 3.975315e+00
1.032910e+02 4.820925e+00
6.691414e+01 2.809681e+00
8.905831e+01 4.964032e+00
6.288633e+01 3.470631e+00
9.614582e+01 5.228902e+00
9.451405e+01 6.524915e+00
1.077885e+02 4.669649e+00
1.161388e+02 7.227784e+00
9.699724e+01 5.467802e+00
5.993308e+01 2.786377e+00
5.234461e+01 2.976414e+00
7.380610e+01 3.498030e+00
6.333581e+01 2.992772e+00
1.270861e+02 4.999154e+00
9.379898e+01 5.988851e+00
9.437967e+01 7.679122e+00
7.228458e+01 4.065749e+00
8.110966e+01 5.176951e+00
9.062989e+01 4.111948e+00
8.733046e+01 4.486240e+00
8.647533e+01 4.105526e+00
1.174474e+02 5.470228e+00
8.669969e+01 6.450926e+00
6.668347e+01 3.329710e+00
