1.534793e-01
1.803551e-01
2.682430e-01
1.538036e-01
1.833048e-01
1.506450e-01
1.849148e-01
2.231202e-01
2.792625e-01
1.337168e-01
2.022672e-01
1.333684e-01
1.795229e-01
1.808130e-01
2.332553e-01
1.328642e-01
2.134865e-01
2.093250e-01
2.132289e-01
2.643371e-01
2.445333e-01
2.287965e-01
2.751043e-01
2.228704e-01
1.783440e-01
2.127751e-01
1.337739e-01
1.720615e-01
1.827658e-01
2.726217e-01
1.880383e-01
2.623246e-01
1.331334e-01
1.676495e-01
2.104939e-01
2.692509e-01
1.485865e-01
2.220158e-01
1.824338e-01
2.361151e-01
1.342320e-01
2.237865e-01
2.452247e-01
1.348701e-01
2.500298e-01
2.497963e-01
1.905704e-01
2.541576e-01
2.549004e-01
2.467329e-01
2.402619e-01
2.027656e-01
2.060794e-01
1.862390e-01
1.533682e-01
1.370678e-01
1.771420e-01
1.802573e-01
1.739345e-01
1.572195e-01
1.349869e-01
1.722052e-01
2.384167e-01
2.493420e-01
1.998306e-01
1.836174e-01
2.215480e-01
1.768609e-01
3.281904e-01
2.828867e-01
2.353415e-01
1.477749e-01
1.356062e-01
1.850129e-01
2.762007e-01
2.121715e-01
2.424612e-01
2.475485e-01
2.904707e-01
2.406805e-01
1.853532e-01
1.475232e-01
1.931542e-01
2.194081e-01
1.356610e-01
1.927821e-01
1.864145e-01
1.846372e-01
1.516673e-01
2.130567e-01
2.665330e-01
2.079568e-01
1.480643e-01
1.864358e-01
1.521592e-01
1.933860e-01
1.889706e-01
1.710568e-01
2.119554e-01
2.350102e-01
2.092694e-01
1.718929e-01
1.848650e-01
2.057429e-01
1.767690e-01
2.128930e-01
1.727606e-01
1.366682e-01
2.068107e-01
2.364430e-01
1.730950e-01
2.077090e-01
2.082021e-01
1.483227e-01
3.161806e-01
1.850746e-01
2.165823e-01
1.894809e-01
1.820580e-01
2.508726e-01
2.429900e-01
2.846499e-01
1.530577e-01
2.073084e-01
1.952803e-01
2.165915e-01
1.489914e-01
2.622588e-01
1.477277e-01
1.485840e-01
2.015419e-01
2.324650e-01
2.285329e-01
1.784354e-01
1.831872e-01
2.712780e-01
1.823576e-01
1.481705e-01
1.995916e-01
1.582782e-01
1.352187e-01
1.764618e-01
2.964474e-01
2.171498e-01
1.516968e-01
1.927487e-01
1.336136e-01
1.831130e-01
2.136568e-01
1.330198e-01
2.146377e-01
1.525226e-01
2.486277e-01
